9.999999999999998579e+01 -2.499999999999999645e+01 0.000000000000000000e+00 0.000000000000000000e+00 -2.499999999999999645e+01 0.000000000000000000e+00 0.000000000000000000e+00 0.000000000000000000e+00 0.000000000000000000e+00 0.000000000000000000e+00 0.000000000000000000e+00 0.000000000000000000e+00 0.000000000000000000e+00 0.000000000000000000e+00 0.000000000000000000e+00 0.000000000000000000e+00
-2.499999999999999645e+01 9.999999999999998579e+01 -2.499999999999999645e+01 0.000000000000000000e+00 0.000000000000000000e+00 -2.499999999999999645e+01 0.000000000000000000e+00 0.000000000000000000e+00 0.000000000000000000e+00 0.000000000000000000e+00 0.000000000000000000e+00 0.000000000000000000e+00 0.000000000000000000e+00 0.000000000000000000e+00 0.000000000000000000e+00 0.000000000000000000e+00
0.000000000000000000e+00 -2.499999999999999645e+01 9.999999999999998579e+01 -2.499999999999999645e+01 0.000000000000000000e+00 0.000000000000000000e+00 -2.499999999999999645e+01 0.000000000000000000e+00 0.000000000000000000e+00 0.000000000000000000e+00 0.000000000000000000e+00 0.000000000000000000e+00 0.000000000000000000e+00 0.000000000000000000e+00 0.000000000000000000e+00 0.000000000000000000e+00
0.000000000000000000e+00 0.000000000000000000e+00 -2.499999999999999645e+01 9.999999999999998579e+01 0.000000000000000000e+00 0.000000000000000000e+00 0.000000000000000000e+00 -2.499999999999999645e+01 0.000000000000000000e+00 0.000000000000000000e+00 0.000000000000000000e+00 0.000000000000000000e+00 0.000000000000000000e+00 0.000000000000000000e+00 0.000000000000000000e+00 0.000000000000000000e+00
-2.499999999999999645e+01 0.000000000000000000e+00 0.000000000000000000e+00 0.000000000000000000e+00 9.999999999999998579e+01 -2.499999999999999645e+01 0.000000000000000000e+00 0.000000000000000000e+00 -2.499999999999999645e+01 0.000000000000000000e+00 0.000000000000000000e+00 0.000000000000000000e+00 0.000000000000000000e+00 0.000000000000000000e+00 0.000000000000000000e+00 0.000000000000000000e+00
0.000000000000000000e+00 -2.499999999999999645e+01 0.000000000000000000e+00 0.000000000000000000e+00 -2.499999999999999645e+01 9.999999999999998579e+01 -2.499999999999999645e+01 0.000000000000000000e+00 0.000000000000000000e+00 -2.499999999999999645e+01 0.000000000000000000e+00 0.000000000000000000e+00 0.000000000000000000e+00 0.000000000000000000e+00 0.000000000000000000e+00 0.000000000000000000e+00
0.000000000000000000e+00 0.000000000000000000e+00 -2.499999999999999645e+01 0.000000000000000000e+00 0.000000000000000000e+00 -2.499999999999999645e+01 9.999999999999998579e+01 -2.499999999999999645e+01 0.000000000000000000e+00 0.000000000000000000e+00 -2.499999999999999645e+01 0.000000000000000000e+00 0.000000000000000000e+00 0.000000000000000000e+00 0.000000000000000000e+00 0.000000000000000000e+00
0.000000000000000000e+00 0.000000000000000000e+00 0.000000000000000000e+00 -2.499999999999999645e+01 0.000000000000000000e+00 0.000000000000000000e+00 -2.499999999999999645e+01 9.999999999999998579e+01 0.000000000000000000e+00 0.000000000000000000e+00 0.000000000000000000e+00 -2.499999999999999645e+01 0.000000000000000000e+00 0.000000000000000000e+00 0.000000000000000000e+00 0.000000000000000000e+00
0.000000000000000000e+00 0.000000000000000000e+00 0.000000000000000000e+00 0.000000000000000000e+00 -2.499999999999999645e+01 0.000000000000000000e+00 0.000000000000000000e+00 0.000000000000000000e+00 9.999999999999998579e+01 -2.499999999999999645e+01 0.000000000000000000e+00 0.000000000000000000e+00 -2.499999999999999645e+01 0.000000000000000000e+00 0.000000000000000000e+00 0.000000000000000000e+00
0.000000000000000000e+00 0.000000000000000000e+00 0.000000000000000000e+00 0.000000000000000000e+00 0.000000000000000000e+00 -2.499999999999999645e+01 0.000000000000000000e+00 0.000000000000000000e+00 -2.499999999999999645e+01 9.999999999999998579e+01 -2.499999999999999645e+01 0.000000000000000000e+00 0.000000000000000000e+00 -2.499999999999999645e+01 0.000000000000000000e+00 0.000000000000000000e+00
0.000000000000000000e+00 0.000000000000000000e+00 0.000000000000000000e+00 0.000000000000000000e+00 0.000000000000000000e+00 0.000000000000000000e+00 -2.499999999999999645e+01 0.000000000000000000e+00 0.000000000000000000e+00 -2.499999999999999645e+01 9.999999999999998579e+01 -2.499999999999999645e+01 0.000000000000000000e+00 0.000000000000000000e+00 -2.499999999999999645e+01 0.000000000000000000e+00
0.000000000000000000e+00 0.000000000000000000e+00 0.000000000000000000e+00 0.000000000000000000e+00 0.000000000000000000e+00 0.000000000000000000e+00 0.000000000000000000e+00 -2.499999999999999645e+01 0.000000000000000000e+00 0.000000000000000000e+00 -2.499999999999999645e+01 9.999999999999998579e+01 0.000000000000000000e+00 0.000000000000000000e+00 0.000000000000000000e+00 -2.499999999999999645e+01
0.000000000000000000e+00 0.000000000000000000e+00 0.000000000000000000e+00 0.000000000000000000e+00 0.000000000000000000e+00 0.000000000000000000e+00 0.000000000000000000e+00 0.000000000000000000e+00 -2.499999999999999645e+01 0.000000000000000000e+00 0.000000000000000000e+00 0.000000000000000000e+00 9.999999999999998579e+01 -2.499999999999999645e+01 0.000000000000000000e+00 0.000000000000000000e+00
0.000000000000000000e+00 0.000000000000000000e+00 0.000000000000000000e+00 0.000000000000000000e+00 0.000000000000000000e+00 0.000000000000000000e+00 0.000000000000000000e+00 0.000000000000000000e+00 0.000000000000000000e+00 -2.499999999999999645e+01 0.000000000000000000e+00 0.000000000000000000e+00 -2.499999999999999645e+01 9.999999999999998579e+01 -2.499999999999999645e+01 0.000000000000000000e+00
0.000000000000000000e+00 0.000000000000000000e+00 0.000000000000000000e+00 0.000000000000000000e+00 0.000000000000000000e+00 0.000000000000000000e+00 0.000000000000000000e+00 0.000000000000000000e+00 0.000000000000000000e+00 0.000000000000000000e+00 -2.499999999999999645e+01 0.000000000000000000e+00 0.000000000000000000e+00 -2.499999999999999645e+01 9.999999999999998579e+01 -2.499999999999999645e+01
0.000000000000000000e+00 0.000000000000000000e+00 0.000000000000000000e+00 0.000000000000000000e+00 0.000000000000000000e+00 0.000000000000000000e+00 0.000000000000000000e+00 0.000000000000000000e+00 0.000000000000000000e+00 0.000000000000000000e+00 0.000000000000000000e+00 -2.499999999999999645e+01 0.000000000000000000e+00 0.000000000000000000e+00 -2.499999999999999645e+01 9.999999999999998579e+01

9.045084971874736146e-01
5.590169943749475623e-01
-5.590169943749476733e-01
-9.045084971874737256e-01
5.590169943749475623e-01
3.454915028125264409e-01
-3.454915028125264964e-01
-5.590169943749475623e-01
-5.590169943749476733e-01
-3.454915028125264964e-01
3.454915028125265519e-01
5.590169943749476733e-01
-9.045084971874737256e-01
-5.590169943749475623e-01
5.590169943749476733e-01
9.045084971874738367e-01

0.000000000000000000e+00 0.000000000000000000e+00 0.000000000000000000e+00 0.000000000000000000e+00 0.000000000000000000e+00 0.000000000000000000e+00
0.000000000000000000e+00 1.309016994374947659e-02 8.090169943749479092e-03 -8.090169943749477358e-03 -1.309016994374947659e-02 0.000000000000000000e+00
0.000000000000000000e+00 8.090169943749479092e-03 5.000000000000004441e-03 -5.000000000000001839e-03 -8.090169943749475623e-03 0.000000000000000000e+00
0.000000000000000000e+00 -8.090169943749477358e-03 -5.000000000000001839e-03 5.000000000000004441e-03 8.090169943749479092e-03 0.000000000000000000e+00
0.000000000000000000e+00 -1.309016994374947659e-02 -8.090169943749475623e-03 8.090169943749479092e-03 1.309016994374947833e-02 0.000000000000000000e+00
0.000000000000000000e+00 0.000000000000000000e+00 0.000000000000000000e+00 0.000000000000000000e+00 0.000000000000000000e+00 0.000000000000000000e+00

0.000000000000000000e+00 0.000000000000000000e+00 0.000000000000000000e+00 -0.000000000000000000e+00 -0.000000000000000000e+00 -0.000000000000000000e+00
0.000000000000000000e+00 1.145573394369837211e-02 7.080032943281470287e-03 -7.080032943281471154e-03 -1.145573394369837385e-02 -2.950240635684793852e-18
0.000000000000000000e+00 7.080032943281469419e-03 4.375701000416906163e-03 -4.375701000416907030e-03 -7.080032943281470287e-03 -1.823348987844299134e-18
-0.000000000000000000e+00 -7.080032943281471154e-03 -4.375701000416907030e-03 4.375701000416907897e-03 7.080032943281472022e-03 1.823348987844299519e-18
-0.000000000000000000e+00 -1.145573394369837385e-02 -7.080032943281471154e-03 7.080032943281472022e-03 1.145573394369837558e-02 2.950240635684794237e-18
-0.000000000000000000e+00 -2.950240635684793852e-18 -1.823348987844299134e-18 1.823348987844299519e-18 2.950240635684794237e-18 7.597871817923733221e-34
