0.000000 0.000000 0.000000 0.000000 0.000000 0.000000 0.000000 0.000000 0.000000 0.000000
0.000000 0.413176 0.633022 0.556670 0.219846 -0.219846 -0.556670 -0.633022 -0.413176 0.000000
0.000000 0.633022 0.969846 0.852869 0.336824 -0.336824 -0.852869 -0.969846 -0.633022 0.000000
0.000000 0.556670 0.852869 0.750000 0.296198 -0.296198 -0.750000 -0.852869 -0.556670 0.000000
0.000000 0.219846 0.336824 0.296198 0.116978 -0.116978 -0.296198 -0.336824 -0.219846 0.000000
0.000000 -0.219846 -0.336824 -0.296198 -0.116978 0.116978 0.296198 0.336824 0.219846 0.000000
0.000000 -0.556670 -0.852869 -0.750000 -0.296198 0.296198 0.750000 0.852869 0.556670 0.000000
0.000000 -0.633022 -0.969846 -0.852869 -0.336824 0.336824 0.852869 0.969846 0.633022 0.000000
0.000000 -0.413176 -0.633022 -0.556670 -0.219846 0.219846 0.556670 0.633022 0.413176 0.000000
0.000000 0.000000 0.000000 0.000000 0.000000 0.000000 0.000000 0.000000 0.000000 0.000000
